0 0 0 0 1 0 6144.10005217
0 0 0 0 2 0 5144.13857925
0 0 1 0 2 4 4375.69477175
0 0 1 0 3 4 3838.9767063
0 0 1 0 4 4 3736.54911887
0 0 1 1 2 4 3661.58562928
0 0 1 1 3 4 3359.90132892
0 0 1 1 4 4 3279.76288671
0 0 1 2 2 4 3165.552453
0 0 1 2 3 4 2966.36212366
0 0 1 2 4 4 2902.61501965
0 0 1 3 2 4 2781.33768582
0 0 1 3 3 4 2639.84233652
0 0 1 3 4 4 2588.46167217
0 0 1 4 2 4 2471.5509199
0 0 1 4 3 4 2366.65150729
0 0 1 4 4 4 2324.77372074
0 0 2 0 1 4 1954.03034933
0 0 2 0 2 4 1642.93589335
0 0 2 0 3 4 1601.02185907
0 0 2 0 4 4 1581.31713964
0 0 2 1 2 4 1515.62961243
0 0 2 1 3 4 1481.68242911
0 0 2 1 4 4 1464.90080177
0 0 2 2 2 4 1406.92391504
0 0 2 2 3 4 1378.82159719
0 0 2 2 4 4 1364.35019903
0 0 2 3 2 4 1313.59699086
0 0 2 3 3 4 1289.85631986
0 0 2 3 4 4 1277.21960125
0 0 2 4 2 4 1233.12571992
0 0 2 4 3 4 1212.68023109
0 0 2 4 4 4 1201.50469912
0 0 3 0 1 3 1172.62063507
0 0 3 0 1 4 1022.75500621
0 0 3 0 2 4 995.598019187
0 0 3 0 3 4 981.867721832
0 0 3 0 4 4 974.028851692
0 0 3 1 2 4 956.535485571
0 0 3 1 3 4 943.764251814
0 0 3 1 4 4 936.386511219
0 0 3 2 2 4 922.477299686
0 0 3 2 3 4 910.434343475
0 0 3 2 4 4 903.412063659
0 0 3 3 2 4 892.760353376
0 0 3 3 3 4 881.269184648
0 0 3 3 4 4 874.517347318
0 0 3 4 2 4 866.824553609
0 0 3 4 3 4 855.749199774
0 0 3 4 4 4 849.199166431
0 0 4 0 0 4 845.230182792
0 0 4 0 1 4 807.665202106
0 0 4 0 2 4 789.941843147
0 0 4 0 3 4 779.485089725
0 0 4 0 4 4 773.136099102
0 0 4 1 3 4 766.951068418
0 0 4 1 4 4 760.621783487
0 0 4 2 3 4 756.119928442
0 0 4 2 4 4 749.790062306
0 0 4 3 3 4 746.801908938
0 0 4 3 4 4 740.455380886
0 0 4 4 3 4 738.830711571
0 0 4 4 4 4 732.45486595
0 1 4 1 4 4 730.358886507
0 1 4 2 3 4 726.496467935
0 1 4 2 4 4 720.626438571
0 1 4 3 3 4 718.210116033
0 1 4 3 4 4 712.301672371
0 1 4 4 3 4 711.188962575
0 1 4 4 4 4 705.2316161
0 2 4 1 4 4 701.439277609
0 2 4 2 3 4 698.170768703
0 2 4 2 4 4 692.730845204
0 2 4 3 3 4 690.845423258
0 2 4 3 4 4 685.347451216
0 2 4 4 3 4 684.709801687
0 2 4 4 4 4 679.145228233
0 3 4 1 3 4 678.767194114
0 3 4 1 4 4 673.796063805
0 3 4 2 3 4 671.079159728
0 3 4 2 4 4 666.041532648
0 3 4 3 3 4 664.648940829
0 3 4 3 4 4 659.535567065
0 3 4 4 3 4 659.338624873
0 3 4 4 4 4 654.142679487
0 4 4 1 3 4 651.943429403
0 4 4 1 4 4 647.36629879
0 4 4 2 3 4 645.161668934
0 4 4 2 4 4 640.500311392
0 4 4 3 3 4 639.565122766
0 4 4 3 4 4 634.812091189
0 4 4 4 4 4 630.173871171
1 0 1 4 1 1 618.733731023
1 0 1 4 1 2 596.687154279
1 0 1 4 2 0 555.852646357
1 0 1 4 3 0 554.982558134
1 0 2 0 0 2 427.863023183
1 0 2 0 0 3 423.0970252
1 0 2 0 1 1 338.172056694
1 0 2 0 2 0 254.733352488
1 0 2 1 2 0 235.272741081
1 0 2 1 3 0 234.276794073
1 0 2 2 2 0 226.737987641
1 0 2 2 3 0 223.686856886
1 0 2 3 3 0 220.737703232
1 1 2 1 2 0 210.67442788
1 1 2 1 3 0 209.823575623
1 1 2 2 2 0 204.016554837
1 1 2 2 3 0 201.166929686
1 1 2 3 3 0 199.558695473
1 2 2 1 2 0 189.501361797
1 2 2 1 3 0 188.589767357
1 2 2 2 2 0 184.295745298
1 2 2 2 3 0 181.488637112
1 2 2 3 3 0 180.931680506
1 3 2 1 2 0 171.294643004
1 3 2 1 3 0 170.181967693
1 3 2 2 2 0 167.202568172
1 3 2 2 3 0 164.322157132
1 4 2 1 2 0 155.670774708
1 4 2 1 3 0 154.261077952
1 4 2 2 2 0 152.419019395
1 4 2 2 3 0 149.380814536
2 0 2 0 0 2 141.692962967
2 0 2 0 1 0 141.56139383
2 0 2 0 1 2 124.108014772
2 0 2 0 2 0 103.397782141
2 0 2 0 2 1 100.021737359
2 0 2 0 3 0 94.0135107035
2 0 2 0 4 0 93.2109449509
2 0 2 1 2 1 91.3023837548
2 0 2 1 3 0 85.60903493
2 0 2 1 4 0 84.5817388003
2 0 2 2 3 0 80.9384177437
2 0 2 2 4 0 79.6701179047
2 0 2 3 3 0 79.3486219318
2 0 2 3 4 0 77.8269446603
2 1 2 4 3 1 77.236804433
2 2 2 4 3 1 76.2627108057
2 3 2 4 3 1 75.5645545823
2 4 2 4 3 1 75.1224779722
2 4 2 4 4 1 75.0936764283
3 0 3 0 3 3 75.0011937653
3 0 3 0 4 3 74.8177226953
3 0 3 1 4 3 74.7084454564
3 1 3 0 4 3 74.5458961776
3 1 3 1 4 3 74.3803410574
3 2 3 0 4 3 74.3662160516
3 2 3 1 4 3 74.1434185252
3 3 3 1 4 3 73.9936507493
3 4 3 1 4 3 73.9271913168
